127.9278 u
134.51771111111 u
137.72091111111 u
153.88706666667 d
158.29146666667 d
162.22873333333 d
171.38787777778 d
176.12594444444 d
179.71286666667 d
214.44756666667 B7
218.7185 B5
221.43787777778 B3
227.26036666667 u
240.5403 u
248.01443333333 South entrance
284.11716666667 u
295.22826666667 u
387.53714444444 d
397.58051111111 d
415.49841111111 d
424.79103333333 d
438.438 B37
444.01023333333 B33
450.86707777778 B27
460.71024444444 B23
466.68287777778 B21
475.22474444444 B22
476.84303333333 w
479.82934444444 mw B26
491.3909 B34
492.72556666667 B36
495.51167777778 B38
496.82966666667 B40
502.06823333333 South Durham entrance
504.1036 u
512.37853333333 u
532.98244444444 33
540.28974444444 29
553.97007777778 15
604.45384444444 15B
610.94366666667 15C
640.3397 2
643.3427 4
648.89824444444 8
670.9703 44A
675.8752 44B
678.678 46
685.66831111111 50
687.0864 52
727.56016666667 d
730.34627777778 d
734.48374444444 d
737.31991111111 d
895.71147777778 6205
908.35744444444 6115
928.19343333333 d
938.58764444444 d
943.7428 5102
946.07846666667 5104
948.28066666667 5106
950.68306666667 5108
953.71943333333 5110
956.1552 5112
958.27397777778 5114
960.60964444444 5116
963.11214444444 5118
965.4645 5120
968.11714444444 5122
970.35271111111 e
979.86221111111 5210
981.89757777778 5212
984.26661111111 5214
986.75243333333 5216
989.0881 5218
991.27361111111 5220
993.65933333333 5222
995.7948 5224
998.0971 5226
1000.0824111111 5228
1004.4701333333 w
1010.7263777778 5306
1016.5655444444 5310
1018.7510666667 5312
1021.4037111111 5314
1036.8191111111 5326
1039.3216111111 5328
1046.7790666667 m
1051.1834666667 5404
1053.3689777778 5406
1055.4877666667 5408
1058.1404111111 5410
1060.2258333333 5412
1062.6282333333 5414
1064.8638 5416
1073.1887777778 u
1092.7249666667 278
1094.1597333333 280
1098.4974 282
1101.5170777778 284
1104.9705333333 286
1107.5064 288
1111.6939111111 292
1115.3809333333 d
1124.6068111111 d
1132.1476777778 Upper east entrance (north)
1133.6992333333 d
1141.9408 d
1151.0499 89
1153.6358111111 87
1158.6575 83
1164.2797777778 79
1173.7892777778 u
1179.9287444444 3104
1182.3978777778 3106
1184.7836 3108
1187.6531333333 3110
1189.8720111111 3112
1191.6738111111 3114
1194.1095777778 3116
1196.3451444444 3118
1198.7976 3120
1201.4335666667 3122
1203.2186777778 e
1212.9617444444 3210
1215.1139 3212
1217.5163 3214
1229.1946333333 3216
1232.1142111111 3218
1234.7001333333 3220
1237.1192111111 3222
1239.4382 3224
1241.9073333333 3226
1243.9927444444 3228
1248.5139333333 w
1254.7368111111 3306
1257.9400111111 3308
1260.1589 3310
1262.4278333333 3312
1264.9303333333 3314
1279.8285444444 3326
1282.1141666667 3328
1287.7364444444 m
1292.4745111111 3404
1296.9623333333 3408
1299.3981 3410
1301.7504444444 3412
1303.6690333333 3414
1306.5886111111 3416
1308.2402666667 d
1317.7330777778 u
1322.1041111111 u
1325.0737444444 u
1330.0453777778 u
1333.0817444444 u
1338.0033333333 u
1340.0720666667 u
1345.0437 u
1349.1311111111 u
1353.0183333333 u
1356.0713777778 u
1361.0263333333 u
1364.4297333333 u
1369.6349333333 u
1372.2875777778 u
1377.2258444444 u
1380.8628111111 u
1390.5224666667 7415
1397.7129777778 7409
1399.7483444444 7407
1401.9338666667 7405
1403.8357666667 7403
1410.4924111111 7337
1413.7957111111 7331
1416.2314777778 7329
1418.6672444444 7327
1421.3532666667 7325
1423.8224 7323
1431.0629666667 d
1435.5674666667 d
1438.5204111111 d
1449.6815666667 6321
1456.5884666667 6317
1458.8240333333 6315
1461.4933666667 6313
1463.7289333333 6311
1468.0666 6307
1473.0382333333 6303
1474.2060666667 6233
1475.1570111111 6231
1477.476 6229
1479.8116666667 6227
1482.0305444444 6225
1484.3829 6223
1487.1356444444 6221
1489.4212666667 6219
1491.6902 6217
1494.1259666667 6215
1496.6785111111 6213
1499.1810111111 6211
1501.5834111111 6209
1508.7405666667 d
1515.2637444444 d
1522.6377777778 d
1528.527 d
1534.6164111111 d
1540.0718666667 d
1546.9954444444 d
1551.9170333333 d
1563.3951666667 2205
1565.0134444444 2125
1567.8329333333 2123
1572.5042666667 2121
1645.8608777778 2317
1649.0640777778 2315
1651.0494 2313
1653.6686777778 2311
1656.0377111111 2309
1658.4067444444 2307
1660.8425111111 2305
1662.8945666667 2303
1663.4951666667 2231
1667.0153444444 2229
1669.5512111111 2227
1671.9869777778 2225
1674.3059666667 2223
1676.5749 2221
1679.0940777778 2219
1681.5465333333 2217
1683.7987777778 2215
1686.0677111111 2213
1688.4367444444 2211
1691.4397444444 2209
1693.0079777778 2207
1856.8049444444 2327
1863.9454111111 2321
1866.5813777778 North entrance
1916.0975111111 u
1919.5509666667 u
1922.0534666667 u
1927.6090111111 u
1950.9823666667 u
1954.1688777778 2415
1956.5546 2413
1958.7401111111 2411
1960.959 2409
1963.1612 2407
1965.3467111111 2405
1973.8385333333 2337
2131.3625666667 d
2186.8680111111 2113
2200.6317666667 d
2276.8412333333 u
2282.3634111111 u
2285.2996777778 u
2294.2753111111 u
2300.3146777778 u
2303.6680333333 u
2312.6603444444 u
2317.5318777778 u
2321.7694444444 u
2330.328 u
2336.6843444444 u
2340.5382 u
2355.8701777778 6326
2358.7897666667 6328
2364.3953666667 w
2368.6663 6404
2371.0186444444 6406
2373.371 6408
2376.2405333333 6410
2378.5428333333 6412
2381.2121666667 6414
2383.8981777778 6416
2392.7069777778 d
2446.2771666667 u
2452.2831666667 u
2459.9908666667 u
2471.3021666667 379
2472.1530111111 377
2493.3241666667 363
2494.1 360
2497.7786111111 359
2503.6845111111 355
2509.0899111111 351
2514.5954111111 347
2519.9841333333 341
2528.7762444444 339
2529.5603666667 335
2537.3681666667 d
2542.0895444444 d
2547.1279111111 d
2555.8533 d
2560.4245333333 d
2564.5119444444 d
2582.246333 142
2600.114177 Main entrance
2603.867933 156
2612.876933 160
2628.776144 u
2638.902933 u
2645.876566 u
2671.635633 d
2676.940933 d
2680.344333 d
2735.0656666667 u
2745.0089333333 u
2762.2428111111 145
2834.5650666667 111
2842.6398 109
2848.1786666667 105
2860.3074444444 d
2868.3655 d
2880.4942777778 d
2885.4158666667 d
2894.7251666667 B2
2898.2453444444 B4
2906.7371666667 B6
2910.7745333333 B18
2919.3664444444 u
2926.4235 u
2930.4942333333 u
2950.2639777778 20
2953.8175333333 24
2956.7371111111 30
2964.8952666667 32
2966.0631 34
2979.977 u
2990.7878 u
3005.8194777778 135
3010.8411666667 127
3190.7041777778 w
3196.3598333333 224
3197.5443444444 226
3199.2794111111 228
3204.7515444444 234
3270.9176444444 204
3273.1699 206
3278.5586111111 210
3319.6163 u
3355.1684777778 u
3458.1380111111 4415
3460.7573 4413
3463.0429111111 4411
3465.3118444444 4409
3467.4306333333 4407
3469.7329333333 4405
3472.1520111111 4403
3476.4062666667 4401
3480.7105666667 4331
3482.6625111111 4329
3485.2484333333 4327
3487.6007777778 4325
3490.0532333333 4321
3496.7432444444 4319
3499.3959 4317
3501.6481444444 4315
3504.1673333333 4313
3506.5196777778 4311
3509.0221777778 4309
3511.3078 4307
3513.9604444444 4305
3517.3638444444 4229
3523.8536666667 4227
3526.3394777778 4225
3528.6918333333 4223
3531.0942333333 4221
3533.4132111111 4219
3535.8656666667 4217
3537.9844444444 4215
3540.5536777778 4213
3543.1729666667 4211
3546.1426 4209
3548.8119333333 4207
3551.2643777778 4205
3552.9160333333 4125
3556.0858666667 4123
3562.6090444444 4117
3565.7622 4113
3688.1678111111 1210
3690.3032777778 1212
3692.6389444444 1214
3695.2582333333 1216
3697.8274666667 1218
3700.3800111111 1220
3702.7323666667 1222
3705.3683333333 1224
3707.9375666667 1226
3710.1230777778 1228
3715.9789333333 w
3723.8034111111 1306
3726.8397777778 1308
3731.8948333333 1312
3734.4473777778 1314
3745.8421 e
3753.2995444444 u
3758.2711777778 u
3761.5744777778 u
3874.2537111111 7321
3878.9917777778 7317
3881.2940777778 7315
3883.7131666667 7313
3886.1489333333 7311
3888.7181666667 7309
3890.9537333333 7307
3895.5917 7303
3896.5259666667 7233
3898.0775111111 7231
3900.2129777778 7229
3902.5987 7227
3907.4869111111 7223
3910.0728333333 7221
3912.5753333333 7219
3915.0444666667 7217
3917.4969111111 7215
3920.0995111111 7213
3922.5352777778 7211
3925.3881333333 7209
3934.4805444444 d
3940.4698666667 d
