122.08863333333 2326
124.34087777778 2328
131.74827777778 w
139.98984444444 2408
142.17536666667 2410
144.81133333333 2412
147.33051111111 2414
149.46597777778 2416
150.5504 d
181.181 2422
183.53334444444 u
186.85333333333 u
196.94674444444 2106
199.33246666667 2108
202.5 2110
204.9047 2112
206.77323333333 2114
209.34246666667 2116
234.58434444444 u
244.46087777778 u
248.98206666667 u
251.2 mw
251.93501111111 d
252.23531111111 Durham Theater
272.88927777778 2120
275.84223333333 2122
277.82754444444 e
294.37741111111 2210
296.42946666667 2212
298.83186666667 2214
301.26763333333 2216
303.5032 2218
305.6053 2220
308.0077 2222
310.69371111111 2224
312.89591111111 2226
314.8145 2228
319.25226666667 m
325.85886666667 2306
328.56156666667 2308
331.09743333333 2310
333.333 2312
335.66866666667 2314
351.53451111111 e
391.77471111111 d
398.04764444444 d
402.31857777778 d
419.75266666667 M1323
421.58783333333 m
423.07264444444 1319
424.64087777778 1315
431.68124444444 1311
434.00023333333 1309
436.58614444444 1307
439.22211111111 1305
442.29184444444 1303
445.5 Northwest entrance
448.29784444444 1229
453.1527 1225
455.48836666667 1223
458.00754444444 1221
460.20974444444 1219
462.49536666667 1217
464.73093333333 1215
467.0666 1213
469.5691 1211
472.43863333333 1209
475.14133333333 1207
484.91776666667 u
493.96013333333 u
507.84066666667 u
516.54936666667 u
533.88334444444 u
541.52431111111 u
554.1536 u
561.9614 u
577.26001111111 u
585.0845 u
599.46553333333 u
607.52357777778 u
620.67004444444 u
627.96066666667 u
665.34801111111 7205
664.03003333333 7207
670.41974444444 7125
674.44043333333 370
675.89187777778 e
685.03434444444 7210
687.43674444444 7212
689.42206666667 7214
692.37501111111 7216
694.74404444444 7218
696.94624444444 7220
699.33196666667 7222
701.68431111111 7224
704.12007777778 7226
705.97193333333 7228
710.76004444444 m 7230
717.93387777778 7306
720.38633333333 7308
722.95556666667 7310
725.34127777778 7312
727.79373333333 7314
734.5 e
753.9532 7326
756.32223333333 7328
762.19476666667 w 7402
766.9662 7404
768.98487777778 7406
771.68757777778 7408
773.93983333333 7410
776.70926666667 7412
779.01156666667 7414
781.61416666667 7416
802.38491111111 w
806.95614444444 Common Grounds
915.43117777778 d
919.3184 d
923.13887777778 d
928.27734444444 d
971.65401111111 6415
976.30866666667 6411
978.5776 6409
981.09677777778 6407
983.61596666667 6405
992.15783333333 6337
996.6957 6331
999.96563333333 6329
1002.3013 6327
1004.6870111111 6325
1007.5732333333 6323
1042.6082333333 d
1047.9135333333 d
1052.3513 d
1164.3298333333 5317
1166.6655 5315
1169.0679 5313
1171.5537111111 5311
1174.0895777778 5309
1176.5587111111 5307
1179.1279444444 5305
1181.2801 5303
1181.9474333333 5231
1185.3007777778 5229
1187.4863 5227
1189.8887 5225
1192.4579333333 5223
1194.7936 5221
1197.196 5219
1199.6484444444 5217
1202.1342666667 5215
1204.4866111111 5213
1207.1059 5211
1210.0254777778 5209
1247.5129333333 5207
1250.0988444444 5205
1252.0841666667 5125
1258.5906666667 5119
1260.7928666667 5117
1263.1619 5115
1265.4808777778 5113
1282.5145666667 u
1340.9229111111 m
1341.3566777778 u
1354.8535 6102
1357.2058444444 6104
1359.3913666667 6106
1362.2775777778 6108
1365.1471111111 6110
1367.5495111111 6112
1370.0353333333 6114
1372.4043666667 6116
1375.0737 6118
1377.5094666667 6120
1380.0119666667 6122
1382.4811 e
1405.4373666667 6210
1407.8230777778 6212
1409.8751333333 6214
1412.5444666667 6216
1415.1637444444 6218
1417.4326777778 6220
1420.1187 6222
1422.5377777778 6224
1425.3072111111 6226
1427.3092111111 6228
1432.1473777778 m
1439.7549777778 6306
1442.8414 6308
1445.2771666667 6310
1447.5461 6312
1449.9318111111 6314
1456.1880666667 e
1476.3915777778 u
1482.6978777778 u
1486.6685111111 u
1566.3147444444 m
1569.6681 e
1572.6210444444 365
1580.5623111111 d
1584.3994777778 d
1590.3053777778 d
1658.0730777778 263
1663.3783777778 259
1668.7671 255
1674.7897777778 251
1680.3119666667 247
1686.1344444444 243
1740.1884444444 u
1745.9442 u
1751.75 u
1774.9898777778 310
1775.2901777778 w
1781.8967777778 340
1784.6328444444 342
1789.3208666667 342B
1792.0068777778 346
1798.1964 350
1803.1680333333 354
1808.6401666667 358
1813.9788333333 362
1819.7846333333 366
1856.0375111111 d
1860.7422111111 d
1865.4969666667 d
1932.7641666667 171
1937.6523777778 4104
1939.8879444444 4106
1942.3404 4108
1947.3454 4112
1949.4475 4114
1951.95 4116
1954.0687777778 4118
1956.9883666667 4120
1959.4074444444 4122
1961.5429111111 e
1992.6239666667 4210
1994.7093777778 4212
1997.1952 4214
1999.7811111111 4216
2002.0333666667 4218
2004.6860111111 4220
2006.8214777778 4222
2009.1905111111 4224
2011.2425666667 4226
2017.6156 m
2024.1221 4306
2027.3586666667 4308
2029.8111111111 4310
2032.3803444444 4312
2034.7994333333 4314
2061.2925666667 4326
2064.0119444444 4328
2071.1691 w
2076.0406333333 4404
2078.0092666667 4406
2080.1280444444 4408
2082.7306444444 4410
2085.1831 4412
2087.5187666667 4414
2090.1380444444 4416
2119.5507666667 175
2134.5824444444 178
2137.4186111111 180
2139.4706666667 182
2145.3432 188
2171.3191444444 u
2182.0298444444 u
2196.2774111111 289
2199.6140777778 287
2205.3698333333 283
2211.0922111111 279
2295.2429444444 d
2350.8318111111 d
2354.4854666667 d
2357.3049444444 d
2362.2599 d
2389.2869 d
2392.6068777778 d
2395.2762111111 d
2400.398 d
2402.9005 d
2435.7833444444 u
2441.8394 3413
2444.3752666667 3411
2446.6608777778 3409
2449.0632777778 3407
2451.5657777778 3405
2454.1016444444 3403
2458.0389111111 3401
2460.1577 3335
2461.3755777778 3331
2462.8103444444 3329
2464.6788777778 3327
2467.0979666667 3325
2469.3502111111 3323
2471.9861777778 3321
2486.7175666667 e
2506.5874111111 d
2511.6424666667 d
2514.8790333333 d
2556.0368111111 Ishi Courtyard
2613.4942111111 d
2619.1999111111 d
2628.3924333333 1205
2631.3954333333 1203
2637.6850444444 West entrance (off-hours)
2639.7037333333 1202
2642.0560777778 e
2689.9372444444 3205
2691.7223666667 3125
2694.2415444444 3123
2697.4614333333 3121
2699.9639333333 3119
2701.8491444444 3117
2720.718 d
2756.0199333333 3422
2759.6902666667 3422A
2763.8611 76
2766.3969666667 78
2768.8494111111 80
2770.8681 82
2774.9555111111 84
2776.4069666667 88
2783 92
2785.1156666667 Lower east entrance
2786.0165666667 u
2795.6762111111 u
2814.8954111111 189
2817.4980111111 187
2823.1703444444 183
2828.0085111111 179
2844.8753666667 e
2847.5613777778 165
2859.9070444444 157
2891.7221666667 141
2892.89 139
2916.9306777778 u
2928.0918333333 u
2932.3961333333 u
2957.8715777778 215
2963.4438111111 211
2965.7294333333 209
2971.0347333333 205
2974.7217444444 203
2980.4941777778 d
2990.3373444444 d
3030.2772444444 South east entrance
3033.2468777778 104
3035.5658666667 106
3040.6876444444 110
3081.0112666667 128
3087.5344444444 130
3090.0369444444 134
3114.7783333333 u
3126.3065111111 u
3140.0702666667 237
3142.1556777778 235
3146.9604777778 233
3149.4796666667 229
3154.9518 225
3157.1706777778 223
3162.3091444444 219
3178.6755 242
3185.3822 246
3190.5039777778 250
3196.0094777778 254
3201.4315666667 258
3206.9704333333 262
