43.460077777778 5337
47.881166666667 5333
51.167777777778 5331
52.9529 5329
55.371977777778 5327
57.707644444444 5325
59.993266666667 5323
62.929533333333 5319
68.952211111111 e
75.892477777778 d
80.897477777778 d
83.633544444444 d
744.47706666667 e
750.31623333333 d
754.77067777778 d
757.72363333333 d
780.49637777778 3317
783.14903333333 3315
785.63484444444 3313
788.27081111111 3311
790.60647777778 3309
792.8921 3307
795.47801111111 3305
797.46333333333 3303
803.7029 3229
809.97583333333 3227
813.813 3223
816.69921111111 3221
818.93477777778 3219
821.2204 3217
823.57274444444 3215
825.825 3213
828.3275 3211
831.38054444444 3209
832.96546666667 3207
878.2774 e
899.64874444444 u
907.17293333333 u
912.82857777778 u
956.4555 155
974.39007777778 d
983.36571111111 d
1002.3513444444 d
1010.9265777778 d
1026.942577 Durham Theater entrance
1032.047677 u
1040.205833 u
1058.490766 B45M
1088.220466 m
1091.807377 w
1096.512077 64
1114.129677 57
1117.065944 55
1120.269144 53
1123.438977 51
1129.978844 49
1133.499033 47
1137.202733 45
1139.555077 43B
1141.356877 43A
1143.358877 41B
1145.3442 41A
